20
76.68646521972298 30.758777377825155
76.79256681024253 30.702593480395425
76.70375624071022 30.787388767852555
76.68913722748393 30.756734168070274
76.70640668592826 30.736236077056034
76.79448169799679 30.75735247258015
76.78670834844243 30.77351973471206
76.76773371924246 30.64179690289646
76.76742156262128 30.641355647301264
76.70527197997049 30.64122327696497
76.71864005675735 30.658243029393674
76.71499369231205 30.66098369141654
76.75654088172836 30.673090926221022
76.79118968199815 30.79323091674494
76.74148924577129 30.697733276735935
76.8044266166033 30.638770989969345
76.75155563659592 30.76420253200801
76.8026660372928 30.645168621226915
76.6931909888865 30.768444789753783
76.79308693738656 30.70295702757326
21
76.75839291929675 30.773542343331762
76.75909694884405 30.77779670411966
76.70783680420757 30.735945825918638
76.80558595380106 30.64162304978972
76.70490503148677 30.643077004802407
76.68837226100709 30.756904194206935
76.68880696517135 30.755433255246103
76.80773932239711 30.68052953614294
76.81050952337735 30.683379066735853
76.73990119036887 30.700633958489334
76.68069457895719 30.6997237977981
76.74739763483373 30.764926980046393
76.78233517633016 30.68501081488263
76.79706419157395 30.7584840373099
76.8100729186064 30.64102065939967
76.79038228633614 30.754894387138165
76.75656169929351 30.675838045360898
76.70162958198225 30.786390185671035
76.77304977579487 30.789276515132958
76.78941798886336 30.70348032699557
76.69191834496287 30.769107241501757
18
76.78771812129794 30.774650590522665
76.68760297881171 30.752598132077964
76.76723374874973 30.640445567262546
76.7187829763119 30.658484030133696
76.69190830043281 30.766539736654796
76.80355032251576 30.681667171133277
76.75575027448245 30.674230019566366
76.7677358587119 30.64165630993167
76.70600780265944 30.640432890823554
76.78851666934541 30.77432739397647
76.75802421886483 30.77631252109609
76.70412985551717 30.788545897935126
76.68507177457023 30.703077776354206
76.74851908786219 30.762236997091435
76.68347704092197 30.700013774972867
76.78422698082598 30.680960871204217
76.70633569093705 30.73618708592633
76.7558088439006 30.777375125788343
17
76.75410896898725 30.674966633272682
76.79084645100089 30.79404186093205
76.79416101812389 30.75624796395371
76.80975402987266 30.677462253274967
76.75950135486161 30.777245604485046
76.69434161306289 30.76569932912214
76.70743904900306 30.78753904334205
76.7097690516327 30.63998434493083
76.77206731572633 30.789548721407044
76.7077898102521 30.73191995107807
76.79509839757641 30.700222376388716
76.78699921888912 30.774088862742715
76.68798135723783 30.7017990613653
76.7881866091189 30.777743863005767
76.74860002325367 30.763131328297348
76.72208289263051 30.656810966317483
76.69483998362577 30.765418762870247
