8
76.78668021848509 30.744939650212196
76.70994245181306 30.651581550435438
76.77419821572228 30.656665828169647
76.71127039941665 30.651362161168382
76.76671626586055 30.71170049677264
76.69620002082637 30.72203730919277
76.76646633539873 30.71148588729424
76.69682978942126 30.724202066562388
4
76.78647728903803 30.746576163102038
76.7737695946196 30.65548370814145
76.78687878681514 30.74634553027293
76.7102165651406 30.652178866726672
4
76.69454723187923 30.72274451877265
76.7675678331227 30.712089982272914
76.69825957051044 30.725293808242533
76.77632618542746 30.657833946851426
4
76.76479253979753 30.711035405304305
76.77465604788155 30.65503165810962
76.7101019189388 30.650485345163673
76.78882767468319 30.74753706747982
